user,topic_1,topic_2,topic_3,topic_4,topic_5,topic_6,topic_7,topic_8,topic_9,topic_10,topic_11,topic_12,topic_13,topic_14,topic_15,topic_16,topic_17,topic_18,topic_19,topic_20
-Allot-,0.0169036443742031,0.0015581158841201,0.115877374282119,0.0081626873598876,0.0156572937214811,0.0311634878986961,0.008059996120094,0.556853926919023,0.166273766358081,0.0144705792735349,0.0082523716735863,0.008929595283999,0.0100359721234386,0.0047217507882058,0.0017711328962979,0.0048310559349436,0.006611938925566,0.0111131886734181,0.0060020600111615,0.0027500614981424
-Fors-,0.0135936596519689,0.001468920430483,0.0141140043450014,0.0234648084534226,0.719948588823132,0.0326507003114421,0.0074642904464163,0.044319848223799,0.0192599953975958,0.0158862932140251,0.006443951000485,0.0193743632324018,0.010670111645185,0.0155592849987873,0.0085763427709259,0.0117562317013356,0.006298909596028,0.018542326576022,0.0060019531094427,0.0046054160721003
-teodor,0.546868789599139,0.275094777141451,0.0049367280951714,0.014124972330481,0.0040800625327493,0.0340725700376822,0.0014735254075279,0.0158729669474287,0.0097572307413312,0.0099067149341285,0.0091178631297631,0.0239384423140032,0.0080779630687042,0.0088251712608082,0.0046279244242367,0.0086510115055683,0.0050720240613195,0.0073081831672829,0.0047443034248918,0.0034487758763315
__Squirrel_Girl__,0.0562126557789605,0.0921272761443235,0.0137298035928586,0.543494215692015,0.0149115206841398,0.040841276052748,0.0028390226878864,0.0302678946566384,0.0294890455349356,0.0236034102416816,0.0246231061273364,0.0269340859893014,0.0096561932422775,0.0213675179848993,0.0100198818531124,0.0144949019307001,0.0088119733293175,0.0211834405315264,0.0079281472671012,0.0074646306782405
_CatLover_,0.0037367220054934,0.0236715388353713,0.002317940384545,0.0016549758022989,0.0013026536478102,0.0043570593948531,0.000335651161617,0.0039121452277076,0.0029155539489834,0.0013671059915464,0.0011612107180778,0.262319998950007,0.0005033042495321,0.0012640282862405,0.0051768946911068,0.0019590409358751,0.67789632474003,0.0016857609651449,0.0010830451523681,0.0013790449113899
_inz_,0.0124904652660518,0.0008509558649507,0.218061875859285,0.0124603358776364,0.0366952316425944,0.0281874296682386,0.461189816563684,0.0478382621709827,0.0845737312032019,0.0102819399917558,0.0054394025146229,0.0146151377774609,0.0157991581880762,0.0064375300262292,0.0038342897274135,0.0133370750865346,0.0079316571955989,0.0105498282120096,0.0057443706220897,0.0036815065415833
_Kazt_,0.0109764919669953,0.0004701152127106,0.0014700031976261,0.0062418355703227,0.0050811932877622,0.0805805688097403,0.0010434013762019,0.011856407778482,0.0050958190140724,0.004174898500515,0.0023829499135539,0.0020296716460911,0.546911725282416,0.302909665335781,0.0015650287428806,0.0012282490056106,0.0015527050893077,0.0108242389133336,0.0015666458554868,0.0020383855011102
_Rorin_,0.0213332396309625,0.0022289983523121,0.0109227031169239,0.0784764552496137,0.0096045099811449,0.0098091959538983,0.0017991106123262,0.0370174885072029,0.0147130874945687,0.0151194336681502,0.58314107327902,0.0177314218387431,0.0058149106697011,0.0124451491902406,0.0023025460884045,0.0188023260593291,0.0024705899352119,0.0242140135619305,0.127730849457298,0.0043228973530182
_ThankU-next,0.0040271578606802,0.0008647949603354,0.0023282952295673,0.002651116979739,0.0029093506826581,0.0040667399061403,0.004112753197213,0.0088960638565882,0.0024166511689861,0.0040118386123312,0.0024406788731806,0.0045198236887307,0.0008739247940348,0.0028259393477706,0.0019300501136211,0.937354527563718,0.0019011541478825,0.0056110104262754,0.0051997653018055,0.0010583632887406
_theaber,0.0257645933942306,0.0040336573141634,0.460928226502091,0.0236497643027839,0.0347353105663403,0.0536413641308181,0.0091499422763661,0.049549794344183,0.056576303200944,0.0227383381628161,0.0176434176273483,0.0156349313914793,0.138218944764488,0.0122670545462118,0.0060645241666928,0.0142940907360584,0.0148113308027098,0.0200112421458289,0.0139563879641927,0.0063307816602534
_vinpetrol,0.0021156133695718,0.982440357996326,0.0010184712521129,0.0008631003767145,0.0003536202594439,0.0018436098071912,3.54106016160339e-05,0.0014582901496359,0.0012445752938313,0.0005596215838524,0.0006536157731554,0.0022444037755684,0.0003455063636255,0.0006087370870407,0.0006578393623862,0.00103655134126,0.0005891612247742,0.0008724578589498,0.0007950102716677,0.0002640462512753
125bror,0.239415297700929,0.0027645708568623,0.0020540641218744,0.0103417761945734,0.0045737913803944,0.0191255307688546,0.0039897093233749,0.017743861155858,0.0079407951558739,0.0095083692714898,0.010277395625432,0.628935028955975,0.0025925971510617,0.0086904555949037,0.0045163441957335,0.004384200060537,0.0097839071966254,0.0061130412021883,0.0037224007330597,0.003526863354398
13eorn,0.0064048621565612,0.0007222644559382,0.0062615589048947,0.0076010323650587,0.0055294726049511,0.0115844410620043,0.0025092433905192,0.018337824796517,0.384302603813815,0.512781680721711,0.007239502515784,0.006671819374578,0.0026723346037057,0.0092025947330577,0.0005873299779235,0.003060215240701,0.00279909533475,0.0081420080594745,0.0020171033323289,0.0015730125557262
1sarocco1,0.0376588749850939,0.00254594074585,0.0180672643748295,0.0307295278594954,0.469648519508416,0.0620608353219567,0.0102699523667846,0.147590930201027,0.0299811878804539,0.0377303251118087,0.0114710793626738,0.0283023941489726,0.0163095301243953,0.0234825167416362,0.0107794607174653,0.0144057185095224,0.0112124058529612,0.0216479110485199,0.0093103189614889,0.0067953061766488
250pplmonkeyparty,0.0673097154959074,0.0070166335397707,0.0259097102700822,0.0475848940815986,0.0413261232198102,0.118838138210184,0.0168258207456719,0.210460345140218,0.0551892200812073,0.055391433309296,0.0268452018729699,0.0828871158090047,0.0248301605572619,0.0411047122965403,0.0168087522552299,0.0354013010093962,0.0310524519733982,0.061475286673651,0.0214495688874578,0.0122934145713438
2racksguccishoes,0.0244923088705329,0.0030516050694433,0.001955034179161,0.0109152853950399,0.0065929970557975,0.249634709014792,0.0054934393745493,0.0193345506111702,0.0091343167798525,0.0141530481572177,0.0026038624320321,0.588046558476179,0.0059386177764484,0.0061270491980974,0.0083736209789037,0.0083791278531364,0.0149249995881183,0.0088656033808132,0.0074094784429538,0.00457378736576
332,0.0176671697116,0.0009498115204518,0.0049515919421286,0.0580839662520126,0.0071383566554788,0.260231846896965,0.0021924343926961,0.0132290690336898,0.0072537531294332,0.0059050171282071,0.0029573425004313,0.0036824750843861,0.585615617637835,0.0070829737431583,0.0018897532644597,0.0017580911579583,0.0026335840770612,0.0085359582362538,0.0050608004772448,0.0031803871585478
3slagitakten,0.0064382786046539,0.0018337835677133,0.0041515243349517,0.0096491883564945,0.0107189891222831,0.0160304354226463,0.0018793774050662,0.0129102645191852,0.0039246338540172,0.0042220019672148,0.001919689866271,0.0176383955422495,0.0020214699026557,0.0106697723607718,0.869914720376287,0.0076403575329879,0.0079473397806131,0.0059818047087604,0.0025077371988781,0.0020002355762983
4eroplane,0.0185045307697972,0.0011921195908895,0.0039206268900666,0.0483946103653536,0.0086888505507679,0.109943117042603,0.0050013538811085,0.0391979374793024,0.019610066314683,0.675030378225275,0.0070285429478552,0.0114518708277683,0.0074752163491417,0.0108027988493715,0.0024583738463822,0.0070098840205563,0.0045897434059526,0.0123551162122421,0.0036071513834236,0.0037377110474588
5tormwolf92,0.0071062182651461,0.0004204107960614,0.000505347935536,0.0083437079370805,0.0039553714147111,0.0091685037315478,0.0008166471069152,0.0071711237922436,0.0069518959538917,0.0394291150373647,0.0035270014158238,0.0028958791221252,0.0031309216969019,0.894829894574693,0.0018707429319808,0.0023300162507579,0.0009190882561337,0.0044815238140769,0.0009334814672315,0.0012131084997768
6ix_10en,0.0071017981344584,0.000550893476154,0.004752274135927,0.104438634022287,0.79308049693226,0.0086476604275356,0.0020836119495876,0.0114944185847968,0.0072227774954575,0.0062669566700204,0.0041163400129317,0.0103204677697527,0.0041857286786169,0.0162397493666623,0.0046534639328589,0.0033185511647706,0.0038551105897576,0.0039185033980341,0.0013888298711964,0.0023637333869343
6XJPCmTMB7gm3rMhUKE5,0.0443361115734054,0.0056745942355783,0.0351807183315456,0.0235542372438343,0.0249483625791891,0.120064229956661,0.0067663243921729,0.0502424737414698,0.0400977316742566,0.0244674662539185,0.0146071502927681,0.0251084065289237,0.135567547675658,0.0210733047545595,0.0071516946581324,0.0270959854841884,0.0095941862021981,0.0374924724939237,0.339340384393979,0.007636617533638
722terminator,0.0287206382434857,0.0072036757057125,0.142696712094014,0.021213004701614,0.0224978670292831,0.0840225909561465,0.0099189930930669,0.073723560130289,0.0398815954521841,0.0260874810219127,0.0130630765044917,0.0376216977123484,0.0217561066286744,0.0103962421237682,0.0100890559263653,0.106442541011582,0.0149468303642716,0.0262450334404414,0.296237801345075,0.007235496515273
7458v6bb8gd4n5,0.0052176521089642,0.0010907216954631,0.0029201338439475,0.0037448242700881,0.0032644821150048,0.0051497608646304,0.0050578201869962,0.0108808041675462,0.0035287208244447,0.0054314317518925,0.0032268426187125,0.0059482257229813,0.0011088219597526,0.004075583052621,0.0024278827363339,0.920246486583212,0.0025066246172991,0.0073775228683535,0.0054370150846633,0.0013586429270919
7x62Nitro,0.0261905474978446,0.0018710002414284,0.0037132885672708,0.0182289289424557,0.0099666641792665,0.365397038308692,0.0036645850924582,0.0276833335015221,0.0189161987865993,0.0169061348612919,0.0056954583776195,0.0110806348694555,0.0605712563821195,0.0100758501170784,0.0030404561371707,0.0071052203749996,0.0041604890654117,0.391758147230251,0.0087427253372692,0.0052320421297948
84216342,0.0009174431956459,0.0001063313591111,0.0017190280621121,0.0019783334706048,0.974346617788759,0.0029090994841552,0.0006341470721614,0.004744448911756,0.0017110845915546,0.0014834148418328,0.0004397035230798,0.0016508666942598,0.0011649579577726,0.0016130453895277,0.0010631859973229,0.0009157427541974,0.000449425862896,0.0012135831991068,0.0005202644044849,0.0004192754396589
90hagr15,0.0138707350580028,0.0019177771658565,0.0093058019526263,0.0169886913848861,0.0137454448201884,0.0208176530910866,0.0080437430105071,0.175001389361048,0.317743416460064,0.0307616593994836,0.0111575250035381,0.0145643367947553,0.0080835409051327,0.310515668438437,0.0037693459530877,0.0079894365341696,0.0065773602351658,0.0201903242124021,0.0049785846033075,0.0039775656162543
994kk1,0.0022024245650197,0.0003653239055654,0.0016300889590622,0.0014770339232346,0.001223479648722,0.0145345282895009,0.0005864259637105,0.004721844665909,0.0023609855573696,0.0016264759341108,0.0004117336474017,0.0120609151022023,0.0015474187642105,0.0008853507626387,0.0019142955959383,0.0011333355927012,0.948371558133337,0.0015010176889742,0.0004528145111138,0.0009929487892767
a-bananarifle,0.062304414073889,0.0059520199583952,0.0170147399641348,0.0454913644855857,0.0332347030492994,0.337330396137945,0.0147263507692815,0.0893332536338834,0.0584490269085531,0.0460975655059457,0.0130408954425861,0.0510871857917586,0.0520288551908151,0.0293839165518912,0.0136289680569783,0.0213677536389243,0.0209599857149701,0.0591637673272334,0.0180562707156086,0.011348567082322
a-ks94,0.189625094494806,0.0028437067112871,0.0102717687044554,0.0221816035710732,0.0204280441576399,0.116767364240326,0.101800628620732,0.203644239608211,0.0188387441341854,0.0242241397602248,0.0151717222625887,0.0215751820657847,0.0216164747007724,0.0161884152065695,0.0074517411711847,0.0745959112790931,0.0097455461162297,0.105881004557998,0.0096243253145226,0.0075243433223149
A_bit_disappointing,0.0535638555885504,0.006137962874781,0.0269009132396504,0.0322340356812769,0.0661526901845237,0.0575643430659462,0.0122296829355872,0.0713968597524059,0.350935607812858,0.0467867279388199,0.020288390501097,0.113827424614532,0.0142487719057088,0.0277454234368139,0.0083503198907846,0.0143633284159597,0.0204966655322014,0.0360201432745667,0.0118732237364421,0.008883629617494
A_Highwayman,0.956029339005216,0.0007623601017947,0.0006283502836402,0.004424521205046,0.0009300310662315,0.0063946869207531,0.001063638286188,0.0063668880689839,0.0017507360046238,0.0032214685165491,0.0034948576534506,0.0036969252933267,0.0023444199117167,0.0029050029408482,0.0005457706113108,0.0012963872603623,0.0009680646496053,0.0017943004321279,0.0005558439100508,0.0008264078781737
abacurse,0.196894443200757,0.0067837628403808,0.026472608086564,0.0738486690753932,0.0235095953160028,0.0654061659236052,0.0147917048152106,0.0667202363913592,0.231515737283714,0.046065162543528,0.0399680086843264,0.0420490055242287,0.0239413253746578,0.0354896696537813,0.0068162309747927,0.0186975131109546,0.0153458663431436,0.0445595361343939,0.0111978182101206,0.0099269405130857
abagofstones,0.0337025957981,0.0013306842926821,0.01440733676649,0.0156799014797733,0.0095838959674816,0.0185595034571684,0.0615454655113309,0.191472256762389,0.0188075776302675,0.0169944010814438,0.306418309482462,0.0153186587081471,0.0093053865421011,0.0115458184119679,0.0023082873359927,0.0240146138868574,0.0050754745003674,0.23066730785391,0.0075928792321819,0.0056696452988847
abbasaab,0.0056015218153727,0.0003746283953824,0.0022658907212687,0.0055535123166989,0.0039100114655501,0.0101642882063266,0.001392677239843,0.0170193234466678,0.0094795385320712,0.918399890457038,0.0035936039120835,0.0034742926602352,0.001623559090002,0.0050368057846209,0.0006190464829114,0.0034753429732627,0.0012677764778771,0.004342572790279,0.0014379755426795,0.0009677416898277
abbufreja,0.0858627803337093,0.0068464642190314,0.013253041580942,0.0476608178082982,0.0397639248714013,0.347110674534187,0.0134862252690926,0.0933991940156906,0.0378725955294424,0.0561488936428929,0.012686348499233,0.0554722972053744,0.0353966971986315,0.0295992306712208,0.0169372232771669,0.0218761755345791,0.0193384128713807,0.0391469778672391,0.0174442774345111,0.0106977476359758
abdlaa114,0.0026310599852995,0.0001670019952152,0.000848471209441,0.0013871287310082,0.0015166457153209,0.356488711222444,0.0004944030551167,0.0027050163278319,0.0014732564391447,0.0012360349294785,0.0001850633540788,0.000593225637814,0.625362051060762,0.0011067318865926,0.000346327248003,0.0002165058631343,0.0006461327389613,0.0013006448111233,0.0007584881040437,0.0005370996851847
abloblololo,0.0544366519323295,0.004568785712259,0.0186372990601313,0.39044920465707,0.0369465728399097,0.0782386077186149,0.011427938367776,0.0721176132694651,0.0493107608451684,0.0499829176621119,0.0291718139675629,0.0315889828139117,0.0199471035188057,0.039763753260683,0.0116389276782178,0.0225165446275275,0.0137052281902406,0.044580707916142,0.0103639080403806,0.0106066779216917
AbsarN,0.134553721561424,0.004269603406669,0.0032076463454317,0.214045535624931,0.0119961076614635,0.228759588346059,0.0088236264707084,0.0311144947333932,0.0189433726125744,0.0229890877565228,0.0119447607433833,0.171213963262739,0.0129546460420792,0.0541570083260644,0.0137568804624154,0.0073693982169633,0.0106662160629446,0.0238285613692034,0.0062281638597731,0.0091776171352577
Acceptable_Season_54,0.114860801518562,0.0031562695485293,0.0129240032804723,0.0238246326428458,0.0211617772917958,0.0412934351729322,0.0094726299576132,0.256707147599785,0.0576580104798965,0.300469427886868,0.0287670619045654,0.0215104169108792,0.0110942256187854,0.0336409547221238,0.0037198767998873,0.0144556536451256,0.0082858320045816,0.0242982379367013,0.0069484055095229,0.0057511995685269
Accomplished-Drawer4,0.20270202519391,0.0045678131490961,0.004950345098055,0.0188572090263403,0.0085156879849032,0.0280849048573915,0.107614522321878,0.0423618185584533,0.0365496121988049,0.0837853949140447,0.0170987384342186,0.208162024454431,0.0054658090269103,0.150957599184391,0.0062380520659988,0.0237680768507581,0.007624295369051,0.0223617875253311,0.0137895581520679,0.0065447256339644
achtungbitte,0.018884312194311,0.0048633791771753,0.0085019281953705,0.0174052045622427,0.0192259419225822,0.0356843509011908,0.0051652602099914,0.0302668022164548,0.0104980574690174,0.0118101493531875,0.005178649312556,0.149856190259404,0.0038467652699726,0.0189278102282924,0.594314285392484,0.0165868584952373,0.0255899099116887,0.0115031035512409,0.0069133983121887,0.0049776430654125
AddeSlays,0.0648107485518552,0.0053217537901508,0.0218849453223236,0.0462681062929565,0.0215557138121308,0.04844450333464,0.007704112556001,0.0655004051988361,0.0419761039738131,0.0439878674883321,0.0412012194081651,0.0762296186058334,0.0164155264531216,0.0398571759814034,0.0165075900992309,0.0233973236391249,0.368257151692726,0.0318968799409294,0.0072842545703749,0.0114989992880504
adoorabledoor,0.0472894048556606,0.0031123533568831,0.0104347174916457,0.0403902073101111,0.0282854130029889,0.195106682649899,0.0440925551172694,0.305307116628661,0.0345847674892012,0.0488517722529633,0.0113043251180931,0.0704713116498322,0.0147049296998376,0.0302927085729624,0.0139081287875697,0.0308256071231198,0.016354152417318,0.0355954335375542,0.0107686904042672,0.0083197225341626
Adsvenation,0.0400791915293633,0.0025562900014007,0.0239469910608748,0.0466428656694045,0.0780571711103086,0.0196993863804701,0.0035975171711373,0.0423013694390836,0.0237745547715694,0.251339744251117,0.359899423009174,0.0146726347496401,0.0131441088243149,0.0231138632526433,0.0033075106448119,0.0141191966365824,0.0039505274702085,0.021494301814896,0.0082651573633682,0.0060381948496312
AdultVery,0.0041419789939457,0.0005907270671881,0.001789907902736,0.0040805156392171,0.0027992665039286,0.0103871368813596,0.0009297367316321,0.0120552819449704,0.0124495966330445,0.0047324486493125,0.0043081614217366,0.0047588824309669,0.0030766782452463,0.0047626670904795,0.0008673542434448,0.0049391817334023,0.0016944453544319,0.916601954368393,0.0033664855218199,0.0016675926427433
Advancedidiot2,0.26795411410846,0.0011538443455155,0.0022750306341654,0.029137320120116,0.0017754878249023,0.0053914955177105,0.0010622911107603,0.0119196259052283,0.0058209212713857,0.0067909308862289,0.631554279962313,0.005554251155638,0.0056010333164165,0.0095931204469643,0.0006936874954583,0.0027160136809706,0.0011873768541889,0.0064332962927769,0.0011934195182354,0.0021924595525641
aejt,0.0178346124636161,0.0011098732747206,0.0127359307596842,0.0096797401437144,0.0122731318255006,0.0714258284241472,0.0033767502173063,0.0249419734252467,0.0129758623627253,0.0077502199359268,0.0061684009955051,0.0041953759910009,0.772736725682102,0.0140020959984528,0.0017427497858083,0.0033904755648036,0.0038832600601646,0.0124547775679101,0.0042843214825807,0.0030378940390832
Aeliendil,0.0016744493106718,8.92941054556032e-05,0.0006093265464794,0.0029158189629276,0.0009345430680944,0.0024247090730175,0.0039308828247347,0.0022711394647181,0.0028268740934107,0.0007003343289058,0.0123874265666466,0.0015298613822101,0.0018635274280958,0.0113243716215359,0.0002700091981746,0.0007906857330704,0.0007959798369152,0.0015481712050507,0.0002011456157984,0.950911449634086
afops,0.0030428749618125,0.0690670764896923,0.0005010298538558,0.0056488149458084,0.002704999064934,0.0174315437851955,0.0001756788144832,0.0036040631440994,0.0013619552270565,0.0013605032260056,0.000600980359102,0.0063344236731024,0.0011104754042638,0.166839674850924,0.713684742440939,0.0014767911243999,0.0014181383749841,0.001934148219979,0.0007640931963017,0.0009379928430596
Agarbytet,0.0761533971422992,0.0054882514048346,0.0312187149610199,0.0858837217451895,0.0165857684261978,0.240141681292573,0.006343910572163,0.0352822327213944,0.111132155677792,0.0754966913961703,0.059957174177111,0.02996493366997,0.0435831573260899,0.0217463533979514,0.0060206478280686,0.0182122338844471,0.0142538080188484,0.0272097097237892,0.0858643457391789,0.0094611108949116
Aggressive_Camel_400,0.149391865524154,0.0181535298442487,0.0023061018657156,0.0226922801712623,0.0096125327353856,0.0260016541286606,0.0016241401586783,0.0188359112027784,0.0129322191364412,0.0165188904898389,0.0151849127343672,0.0112887187352779,0.0165840269158748,0.624087403539191,0.0053201804511548,0.0070997918151886,0.0031420548544323,0.0312741554985349,0.0034205915979909,0.0045290386008247
ahlsn,0.004968578571178,0.0001525782685846,0.0047037002900782,0.0062592582883207,0.0883945835628114,0.0103565520767467,0.796748340479139,0.0123788706990332,0.0091702374889649,0.0043314506559997,0.0012204963149346,0.0061879577401618,0.002493371396768,0.0033728821881849,0.0021659711712866,0.039813765883472,0.0015927690831215,0.0030537199307286,0.0012958857039321,0.0013390302065523
Aintandsmall,0.0552443366449217,0.0026914023064729,0.0041771505494175,0.108379302391872,0.0158594656469043,0.201496452446428,0.0070169109103758,0.0365534474792535,0.0182857073363547,0.358078475915729,0.0104837566137561,0.100680312392433,0.0086267469065756,0.014166739651089,0.0085426087273733,0.009641521611622,0.0096602129953352,0.0152488473545308,0.0090835899091115,0.0060830122104445
Airplaniac,0.0767426653130553,0.0037418711529987,0.0133180821126887,0.450195810566013,0.0303224409510836,0.0498980651183633,0.0077619178707956,0.0920386698254765,0.0317866743263208,0.0361628505453577,0.0381999936746135,0.0265324640998932,0.013032858085339,0.0423047611888077,0.0097003568353921,0.01438532617501,0.010221174331886,0.0370541147855598,0.0068838826817068,0.0097160203596378
aK7s_,0.0186154142660775,0.0022131360321164,0.0241545764238528,0.0168519403232678,0.040471567205307,0.0276024009645403,0.0069571961607864,0.376553625317783,0.0163309956118098,0.0144375520193246,0.0084355367124809,0.0496981641832146,0.0072638983852408,0.0185375935671502,0.0148691816513144,0.0115144164569323,0.31415309868372,0.0200382961059127,0.0050101303593109,0.0062912795698568
akali_otp,0.001979393994361,0.0003045849781852,0.0018444714191327,0.0013020956881474,0.0008918229746547,0.0034336194965776,0.000403783103976,0.003987035818329,0.0020524580914243,0.0011864873745451,0.0005745411370485,0.0072429682202074,0.0007694862102638,0.0008653704405038,0.0014907052297097,0.0012423406140218,0.96819971959641,0.0011914420273937,0.0002953314807384,0.0007423421043688
Akmbt1243,0.0277376312409056,0.0029587191536429,0.0118947787882884,0.0423997982696213,0.0271149930995024,0.038106927694319,0.0068099634700627,0.137229487349816,0.0451764684329454,0.0326668184406313,0.0248894495712373,0.0284075860368101,0.0130866564290823,0.0510592920387856,0.0070312577616632,0.019553223815237,0.0106230929331959,0.45384405412814,0.0111412776426394,0.0082685237034741
AlabamaHotcakes,0.922780583702726,0.001344248298865,0.0013978367077903,0.0074828370363745,0.0019532748882837,0.0110505965586162,0.0021198513472751,0.0099765895255476,0.0035843273722977,0.0051462642080721,0.0052683267576253,0.0080289755163158,0.0038563798160123,0.0041452487569457,0.0011577593961786,0.0027190572180064,0.0021663183679438,0.0032298424771875,0.001128538177385,0.0014631438705508
albinladen,0.0072819116422298,0.0016894833890504,0.0130606613297711,0.0116713359996701,0.0068428989848587,0.0157292590499102,0.0035408929452093,0.0155835086103329,0.844530049802402,0.0137872385146241,0.0070062173858918,0.010024089412632,0.0053026322349382,0.0097438983768402,0.0011517134952892,0.0040632301312985,0.0045936096336905,0.0183915621468492,0.003673023558142,0.0023327833563694
albl1122,0.0214555165106862,0.0027084056625475,0.0042800436292673,0.0160591647175778,0.0130795972235374,0.474188243877735,0.0074915074718125,0.0491894055480916,0.0209845330710101,0.0214643173180303,0.0043735916813066,0.0203596108475686,0.0233036190155835,0.0129520113469878,0.006706440212485,0.0177967074766906,0.0090912530354998,0.254900939772757,0.013166933147714,0.006448158433111
AldousHoax,0.038345556316664,0.166861122477894,0.014004362374994,0.0325669445696281,0.01576521647765,0.392885996828958,0.0038125268004164,0.0740776489028587,0.03585085757831,0.0309707901923768,0.0070708451861999,0.0347901681400413,0.0247808277011056,0.0168311518499773,0.0137660266738601,0.0143874693217733,0.0175087444222683,0.032452854455676,0.0253340933177512,0.0079367964115963
Alepale,0.0009455399202646,0.0001452067766759,0.0009396299662353,0.0006968543428334,0.0004811480374978,0.0016615711964159,0.0002066166598309,0.0022278030587129,0.0010710441646436,0.0005702515708264,0.0002861559602428,0.0061141085731441,0.0003342119386776,0.0004119620263274,0.0007969353236004,0.0005905265415845,0.981363468090232,0.0006006304192441,0.0001418479311413,0.000414487501868
Alex_ryse,0.0227204650154921,0.0168995678409463,0.009822503827945,0.0179094927399489,0.0054784153613024,0.0154614629210233,0.0015687285666059,0.0297279147684475,0.0516011838661243,0.0259255613014689,0.470357856794067,0.0129074557706307,0.0084904949561664,0.0180696188108506,0.0019945329712052,0.0125372761509976,0.0034639666470498,0.263739141252251,0.0060709327479914,0.0052534276894858
algot34,0.0006035999099827,5.21219070964342e-06,0.0002519695078154,0.0003468516886439,0.0003493695429275,0.0010228073099276,0.992990125640874,0.0011786812739304,0.0005803430071761,0.000304207952446,7.55210354629426e-05,0.0005350788933108,0.0001789850612108,0.0001659354811028,9.69854378206489e-05,0.0008581845298954,0.000134651092734,0.0001906797264526,4.85305230051725e-05,8.22801945703117e-05
alias-87,0.021037480472477,0.0014390192427704,0.0074596209844885,0.013933700369277,0.0097585561380174,0.433478581804101,0.0039219319918294,0.0333826095781246,0.0173774104135646,0.011997263428855,0.0040247972898742,0.0068795223449244,0.315731642349327,0.0109162309319341,0.0024420302053194,0.0036565994928785,0.0039719938495684,0.0861712301134616,0.0079628145174012,0.0044569644818066
Alin031,0.0029474392914642,0.0002483560172363,0.0004362370042665,0.0059965447673228,0.0029546974134207,0.0029787063826824,0.0006868983684469,0.0046118805490603,0.0070923065526498,0.0360246719515258,0.0021935275989919,0.0016763800904803,0.001361646873106,0.920560102175227,0.0011314051148724,0.0043324999855975,0.0005889740173936,0.0027365220556478,0.0006828091774436,0.0007583946131635
allnamest4k3n,0.0199195429188751,0.0012174910876444,0.005035452143287,0.509575622790702,0.011474822686852,0.0334970850856466,0.0035757977081571,0.0325833524883707,0.0189085126261551,0.261934045570562,0.0121551105971974,0.008653232958652,0.0058158165370636,0.0215883371876491,0.0036368661821856,0.0080644873622363,0.004407751464282,0.0299793952284543,0.0033300368858687,0.0046472404901585
almost_useless,0.000657330547784,5.88114718428015e-06,0.0002741525697793,0.00038414155818,0.0003831150893098,0.0010866328861674,0.992254570915002,0.0012946535303684,0.0006320176132347,0.000343672381824,8.58887108619377e-05,0.0005463800382392,0.0001931755673536,0.0001879681049482,0.0001040327112298,0.0010665359476113,0.0001383567029304,0.0002163636830885,5.52763864562344e-05,8.98539084461375e-05
alt-plight,0.025395898887572,0.0010669006587803,0.0042858708317706,0.0183049320212256,0.0043420286591563,0.0127188047905184,0.001669634303716,0.0249740974894077,0.0131394423936774,0.518596357540587,0.324206813142856,0.0069847351591724,0.0049511873344711,0.0118023345692537,0.0008852764248894,0.0061331735800542,0.0019209435529423,0.0136318208536851,0.0023737917550454,0.0026159560512187
Alternatenate,0.0067629408110192,0.0003766665044831,0.0019358353511553,0.005363130757227,0.0010002489476968,0.0008937803567861,0.0003333869382347,0.0054335450440863,0.0034475460398243,0.0038114030085159,0.955650916997275,0.0024317752377963,0.0012281637383869,0.0032541109833874,0.0002596764338744,0.0018490149267659,0.0005836650842621,0.0039990158563351,0.0005853336409369,0.0007998433419503
Alvarades,0.0180164541901687,0.0044063926269767,0.0138915236478938,0.0130599255103962,0.0128863865851574,0.0604713487551547,0.0036898138818754,0.0406434476425026,0.020136227305444,0.0168444269550417,0.0071962848236585,0.0295387464063691,0.011703953962483,0.0106453172921486,0.0055061012688475,0.0290097755290852,0.0052980457767544,0.030075742386389,0.662727349313906,0.0042527361397474
alxfa,0.0091676801955421,0.0023231395081768,0.0049749661360587,0.0116266582186441,0.0122062801476736,0.0247492443830732,0.0029846436181845,0.0162458295105063,0.0047629552031171,0.0057969330025516,0.0023352748458033,0.0207779702144401,0.0028085148637322,0.0137430635721574,0.830478828141211,0.0131812070463677,0.0082033092163104,0.0073797826799748,0.0036969748187986,0.002556744677676
Amirax,0.0022311725952426,6.17781655544406e-05,0.0013176224368135,0.0012283737458064,0.0013992160825059,0.002724104333795,0.883627884761435,0.0056310835513551,0.0018285179085944,0.0014860523016789,0.000540441970041,0.0020072957816683,0.0005290150103056,0.000872863149841,0.0006169071724241,0.0907091330067181,0.0006608424248371,0.0014376794007314,0.0006689375099338,0.0004210786907178
AmoumouA,0.0171483396139825,0.005273960038063,0.214280456784127,0.01964968105666,0.0186126669687663,0.0281663077260053,0.0067166757381091,0.0455027790731053,0.030273965389917,0.0233401017635451,0.0291142783063805,0.0230106484758919,0.0131094197886605,0.0120271828166289,0.0076172294042779,0.179914107007433,0.0092821553505825,0.0421973208740165,0.268557276838085,0.0062054469857621
Ampersand55,0.163808195482806,0.0068160051149841,0.289208127041649,0.0068030383363526,0.0030354675437879,0.0025125567857775,0.001248605099724,0.109318945769724,0.0058289105681023,0.0041837640654518,0.373958449647437,0.0100699452674358,0.0032433484960206,0.0025510779789969,0.0016359512946085,0.0027757423586902,0.0049166993959375,0.0042731375812342,0.0018959388525257,0.001916093318754
ananiakatski,0.0173923674688276,0.0026229979536586,0.0145516679531903,0.0246322014743811,0.10317153749787,0.0728284444542,0.004690023286184,0.0489464101476728,0.0305485502382752,0.42866686432293,0.0084832929768898,0.0260551132213493,0.0120295620145514,0.0242450304347328,0.0062299415937203,0.0197067140134472,0.005253466136469,0.0215636073179218,0.12315128465972,0.0052309228340072
Anarchycat5,0.0078948938080113,0.0018577012644988,0.0052047460949748,0.0098233746659153,0.0091474689038632,0.0191886129437716,0.0018948225595999,0.0255166117943295,0.0114537682864811,0.0117463939218686,0.005913133986045,0.011168060100556,0.0094684517526724,0.0916982310706356,0.003831618730036,0.0385205957192599,0.0019457541577791,0.0363008761880744,0.694087289749922,0.0033375943017051
anatomiska_kretsar,0.0043341764182458,0.0011969171837652,0.904515755432935,0.0053147276258267,0.0061590162646534,0.003480181963833,0.0018960928274639,0.011820021780722,0.0186900595712863,0.0040264010049685,0.0086195623676136,0.0041735082312281,0.005914043552583,0.00141194168392,0.0014086589648174,0.0040515832449814,0.0046363121938602,0.0036717511920577,0.0034003015516618,0.001278986943576
And-then-i-said-this,0.000150278309419,2.49798842800046e-05,0.0004588923886963,0.0004391709871643,0.993359434948315,0.0005794138788968,0.0001910941952048,0.000969840475108,0.0003361798775001,0.0002998766133133,8.46860939075761e-05,0.0003470451429184,0.000207384662392,0.0003094405310335,0.0002653493850341,0.0013303142766153,9.14579017073898e-05,0.000279055348291,0.0001730570674642,0.0001030480327388
andersostling56,0.0559575961528688,0.0028971992354754,0.012086903945041,0.0227886897459554,0.0084461259199493,0.0170368781809557,0.0101313303191436,0.037615047079776,0.0811425367826133,0.297436284969532,0.217130448641235,0.0136496460685787,0.0067350010522936,0.0185228304403351,0.0024874083589941,0.155053644123109,0.0048155002941013,0.0235859113972866,0.0073526197896796,0.0051283975030757
Anfros,0.020381938828434,0.0051110581460266,0.0144820575255141,0.0158750263738704,0.012672565853666,0.15787399276625,0.0051920247106862,0.0420995873066012,0.136203352526373,0.0155870000895066,0.0086667766805552,0.101735853122849,0.0171976062087927,0.0138021204546728,0.0067979375493131,0.0139836347696836,0.0132815992968927,0.215123716667451,0.176526630193311,0.0074055209295507
Anglosaxen,0.0314100668810461,0.0053489219773877,0.0212841278564917,0.034233307365751,0.0257410238882051,0.0615626523490652,0.0068340750281127,0.0817481848525631,0.0566989695028692,0.200172824267666,0.0206754351368633,0.0510276637648868,0.0129707381458144,0.0286968488215641,0.0072337690575456,0.0381980779156239,0.0091714845681153,0.0481661667155734,0.251471504458499,0.0073541574463564
AnimalM,0.0096640899979351,0.0010603867550044,0.151315315370367,0.0117751459641617,0.0169568144478113,0.013307025118834,0.0035144010280728,0.159685312975807,0.068319127017494,0.0367931918410731,0.0106720983541589,0.0036660590010456,0.111344931388901,0.305839643579624,0.0021273339429,0.0085589799596534,0.0045129454087941,0.0693917814961654,0.0079999110327052,0.0034955053194922
Annaryce,0.017157108590381,0.0010887720105265,0.0044496324625011,0.0135729608254673,0.0113907264132051,0.0441644353858291,0.0032209648050641,0.0271389599322066,0.0254784124669004,0.785359900135788,0.0062515146263495,0.0098302655613153,0.0056427985874712,0.0135741356368237,0.0019390913104341,0.0071128180553177,0.0037982313656792,0.0125343320072022,0.0036279089386094,0.0026670308829275
annewmoon,0.02850939460644,0.0022239482718477,0.0098244532736372,0.0258201667486598,0.0154721341593963,0.0474819164501069,0.0066462522053601,0.0496560013585056,0.0444676642443569,0.63461174504104,0.0148346517316532,0.0198464104962609,0.0091922153075769,0.0235330715641223,0.0037182425751769,0.0172202959290069,0.0072954731861449,0.0270877204861979,0.0077441377411989,0.0048141046233103
anonYoshiWithSun,0.0243925542785972,0.0026676421252673,0.0176994165378237,0.0240900580803461,0.284295998099937,0.0355120902761842,0.0133009781018963,0.314798705213173,0.021076614409013,0.039693387388213,0.0163959342995234,0.0362335587468312,0.0107328011398122,0.0487636497806446,0.0122839484237216,0.0408574363347885,0.0113325553364492,0.0275790814055858,0.0112766789778805,0.0070169110443124
Any-Regular-1954,0.0120033580545022,0.0023432169474582,0.489633383574319,0.0584582480261361,0.0226719324718778,0.0177068308043744,0.0072466695916195,0.142283179943004,0.102330818622568,0.057883848189964,0.0129521894315452,0.0099329775049355,0.009314434081781,0.0078253234522144,0.0035061948844182,0.0103984695615561,0.009218375413894,0.013218642554722,0.0069888069158426,0.0040830999732674
Any-Village-8732,0.0484667842650746,0.0047956547832577,0.0325801090107342,0.0614814919228462,0.222011963052094,0.0923232370579934,0.0186406615441056,0.113810032295008,0.0556724617500122,0.0515492479234973,0.0216818069704075,0.0488343370511132,0.0291767299485897,0.0422441666339764,0.0164215623419412,0.0366837610977683,0.0191300250203782,0.0549822783599621,0.0180463433118412,0.0114673456593995
Apprehensive-Yard-59,0.0280905575131673,0.003887104539938,0.0282804819611433,0.0285339950627664,0.0240101021378441,0.0524992727077065,0.0315039200877681,0.216117411947738,0.0541154027092733,0.0970612477076972,0.0196535138727794,0.0302347967991436,0.011443522570862,0.026743447374739,0.0098018229441575,0.204496398451867,0.0120927957527763,0.0833436250893198,0.0302456557731327,0.0078449249961799
ApprehensiveCurrent7,0.0203107998190824,0.0014598258621441,0.0035759870828611,0.0104600729973941,0.0132120592878718,0.443932363594474,0.0053040636408429,0.417497188231012,0.0076726354063168,0.0160508214044567,0.0019977336870189,0.0094740622792735,0.0122231106906249,0.0050870809930824,0.0036040543739469,0.0040162908564069,0.0054019957973525,0.0103320339364489,0.0053939368610959,0.0029938831982933
Aquaintestines,0.0031517718736169,0.0004265206038095,0.0024801738874596,0.00195142812144,0.0013846286818981,0.0062962630758281,0.0007363008932449,0.007097214026854,0.002875944999673,0.0018701534372647,0.0008794886182564,0.0114225593687728,0.0012313126936162,0.0012895705952193,0.0021116077339659,0.0021294771091027,0.948903519641992,0.0021033115436569,0.0005181139925887,0.0011406391017399
aradsten,0.0009221798093888,0.000357011978687,0.0010692904547583,0.0005098880287044,0.0007792042147392,0.0026126075962582,0.0001891514084969,0.0037277584351771,0.00110206413709,0.000897510835712,0.0004632720686702,0.0070752062370659,0.0005065276324576,0.0005858587030973,0.0003830574412049,0.0027751084552377,0.0003452094507809,0.0017923208955895,0.973633734601281,0.0002730376156029
Archietyne,0.66705284529449,0.0021811164587413,0.0043451265546295,0.0123493045951771,0.0049932616413229,0.0642831385520151,0.0051523402454596,0.122873570304196,0.0085990671378045,0.0104638590611501,0.0097923147476247,0.0107949090348481,0.0110302538527052,0.0078064286658643,0.0020960323412664,0.0054493088407575,0.004076085327693,0.0387954254342798,0.0042455978537433,0.0036200140562317
aron65,0.0101731549084488,0.0012400887728698,0.0038455605270935,0.0107109390699971,0.0073652027186129,0.0226443141623202,0.0023357664991857,0.0326542750778114,0.0221397639850819,0.0102455209266594,0.0091148169220592,0.0092072364470939,0.0065812504157455,0.0108629545054959,0.0019437575755637,0.0088098945278244,0.0034529016914271,0.817024528970458,0.0062547299493037,0.0033933423469482
Arondeus,0.0037103945391988,0.0007695508917317,0.0019800341193401,0.0016434311248268,0.0017466561630131,0.0049528977828287,0.0008082648847198,0.005709496919944,0.0031545772116949,0.0017735304573177,0.0011457786809812,0.325495527991855,0.0005783070137207,0.0012801546881996,0.0036404881433608,0.0018392231064934,0.635289628382719,0.0020473640952818,0.0010271094898319,0.0014075843129394
ArsonBjork,0.180492291475272,0.0041131665083687,0.0063555052475975,0.0208127623049339,0.0130590345228123,0.380216628643859,0.011956066076921,0.155223843796207,0.021368245664388,0.0318091235939976,0.0079644457302578,0.0353692110956487,0.0271065320863811,0.0177674196754516,0.0083214089845621,0.0122015359828148,0.0133257397512364,0.0356911353467572,0.0099157769036138,0.0069301266089199
arthurno1,0.0038273591647283,0.0008581472954889,0.0060555445064241,0.0052231276942646,0.0055510465588925,0.0059582609951016,0.0019656297294468,0.0058638944879079,0.858419252332933,0.0061520061692133,0.0034279567318835,0.0741222938894825,0.001334293353056,0.0041725785169964,0.0009879571246301,0.0014339369961145,0.0045168729745585,0.0068327966031183,0.0018109137215838,0.0014861311541742
artonion,0.000964928693877,0.0001222374362467,0.0001925389903366,0.0014026977427854,0.0006750901199258,0.0023651396230485,0.0001629569123573,0.0028260337010718,0.0020035496685548,0.0012474384132165,0.0012829505954223,0.0008507094624751,0.0007884245361244,0.0064268853403805,0.0002368035997176,0.0011904536494764,0.0002527547591911,0.975804586407713,0.000735652132658,0.00046816821542
Artswe,0.0415703625536115,0.0011183428880503,0.014110899146321,0.0257486981123061,0.0214079932573517,0.0664200307841209,0.540602203027745,0.0877513979690357,0.0321577476157707,0.0255837963309796,0.0085308710942421,0.0256243713602965,0.013874662298017,0.016914240799387,0.0065375956222293,0.0310297031459851,0.0097600335482052,0.0200816271160471,0.0055987616465805,0.0055766616837176
ArugulaMuch,0.0279248138988759,0.0020461878154628,0.0078784439163391,0.0170760901353268,0.0140180752404798,0.0325136960227616,0.004752910643923,0.0976495338218426,0.347463904512045,0.0223298627666382,0.0119598501729741,0.0133723348171141,0.0149655543939851,0.307065452563357,0.0035356683013517,0.0056651906602777,0.0056164284116382,0.0549788466983879,0.0044406247065634,0.0047465305006559
Arvidian64bit,0.0029426122346869,0.0004431993462331,0.0023337133519414,0.0019763195079657,0.0014615310955977,0.006123325567285,0.0006340435832467,0.0052124845211805,0.0029950954922057,0.0017725359930269,0.0007797072631445,0.0160030405239214,0.0011147570471862,0.001256296201636,0.0021768755307351,0.0016395279459432,0.94786719876069,0.0016784877543246,0.0004861674308341,0.0011030808482148
